-110, -110, -110, -110, -110, -110, -110, -110, -110, -110, -110,
-110, -111, -112, -110, -110, -110, -110, -110, -110, -110, -110,
-109, -109, -109, -108,  -97,  -97, -108, -108, -110, -110,  -89,
    -90, -102, -102, -110, -110, -109, -111, -111, -111, -109, -110,
-110, -110, -110, -111, -110, -110,  -80,  -79, -107, -107, -110,
-110,  -91,  -91, -110, -110, -110, -110, -110, -110, -110, -110,
-110, -110, -110, -110, -100,  -99, -110, -110,  -69,  -70, -110,
-110, -110, -111, -111, -110, -110, -110, -110, -110, -110, -110,
-110, -110, -110, -110, -110, -110, -110, -110, -110, -110, -110,
-110, -110, -110, -110, -110, -110, -110, -110, -110, -110, -110,
-110, -110, -110, -110, -110, -110, -110, -110, -110, -110, -110,
-110, -110, -110, -110, -110, -110, -110, -110, -110, -110, -110,
-110, -110, -110, -110, -110, -110, -110, -110, -110, -110, -110,
-110, -110, -110, -110, -110, -110, -110, -110, -110, -110, -110,
-111, -111, -110, -110, -110, -110,  -70,  -70, -110, -110, -110,
-108, -108, -110, -110, -110, -110, -110, -110, -110, -110, -110,
-110, -110, -110, -110, -110, -110, -110, -109, -110, -110, -110,
-110, -110, -110, -110, -110, -110, -110, -110, -110, -110, -110,
-110, -110, -110, -110, -110, -110, -110, -110, -110, -110, -110,
-110, -110, -110, -110, -110, -110, -110, -110, -110, -110, -110,
-110, -110, -110,  -91, -111, -110, -110, -110, -110, -110, -110,
-110, -110, -110, -110, -110, -110, -110, -110, -110, -110, -110,
-110, -110, -110, -110, -110, -110, -110, -110, -110, -110, -111,
-110, -110, -110, -110, -110, -110, -110, -110, -110, -110, -110,
-109, -110, -110, -110, -110, -110, -110, -108, -110, -110, -110,
-110, -110, -110, -110, -110, -110, -110, -110, -110, -110, -110,
-110, -110, -111, -110, -110, -110, -110, -109, -110, -110, -110,
-110, -110, -110, -110, -110, -110, -110, -110, -110, -110, -110,
-110, -110, -110, -110, -110, -110, -110, -110, -110, -110, -110,
-109, -110, -110, -109, -110, -110, -110, -108, -110, -110, -110,
-110, -110, -110, -110, -110, -110, -110, -110, -110, -110, -110,
-110, -110, -110, -109, -109, -110, -110, -110, -110, -110, -110,
-110, -110, -110, -110, -110, -110, -110, -110, -110, -110, -110,
-110, -110, -110, -110, -110, -110, -110, -110, -110, -110, -110,
-110, -110, -110, -110, -110, -110, -110, -110, -110, -110, -110,
-110, -110, -110, -110, -110, -110, -110, -110, -110, -110, -110,
-110, -110, -110, -110, -110, -108, -110, -110, -110, -110, -110,
-110, -110, -110, -110, -110, -110, -110, -110, -110, -110, -110,
-110, -110, -110, -110, -110, -110, -110, -109, -110, -110, -110,
-110, -110, -110, -110, -110, -110, -110, -110, -110, -110, -110,
-110, -110, -109, -110, -110, -110, -112, -110, -110, -110, -110,
-89, -110, -110, -110, -110, -110, -110, -109, -110, -110, -110,
-110, -110, -110, -110, -110, -110, -110, -110, -110, -110, -110,
-110, -110, -110, -110, -110, -110, -110, -110, -110, -110, -110,
-110, -110, -110, -110, -110, -110, -110, -110, -110, -110, -110,
-110, -110, -110, -110, -110, -110, -110, -110, -110, -110, -110,
-110, -110, -110, -110, -110, -110, -110, -110, -110, -110, -110,
-110, -110, -110]])
