-110, -110, -110, -110, -110, -110, -110, -110, -110, -110, -110,
-110, -110, -110, -110, -110, -110, -110, -80, -80, -110, -110,
-110, -110, -80, -79, -110, -110, -110, -110, -110, -110, -110,
-110, -110, -110, -110, -110, -110, -110, -110, -110, -110, -110,
-110, -110, -110, -110, -110, -94, -110, -110, -110, -110, -110,
-110, -110, -110, -110, -110, -110, -110, -110, -110, -110, -110,
-110, -110, -110, -110, -54, -56, -110, -110, -110, -110, -110,
-110, -110, -110, -110, -110, -110, -110, -110, -110, -110, -110,
-110, -110, -110, -110, -110, -110, -110, -110, -110, -110, -110,
-110, -110, -110, -110, -110, -110, -110, -110, -110, -110, -110,
-110, -110, -110, -110, -110, -110, -110, -110, -110, -110, -110,
-110, -110, -110, -110, -110, -110, -110, -110, -110, -110, -110,
-110, -110, -110, -110, -110, -110, -110, -110, -110, -110, -110,
-110, -110, -110, -110, -110, -110, -110, -110, -110, -110, -110,
-110, -110, -110, -110, -110, -110, -95, -94, -110, -110, -110,
-110, -110, -110, -110, -110, -110, -110, -110, -110, -110, -110,
-110, -110, -110, -110, -110, -110, -110, -110, -110, -110, -110,
-110, -110, -110, -110, -110, -110, -110, -110, -110, -110, -110,
-110, -110, -110, -110, -110, -110, -110, -110, -110, -110, -110,
-110, -110, -110, -110, -110, -110, -110, -110, -110, -110, -110,
-110, -110, -110, -110, -110, -110, -110, -110, -110, -110, -110,
-110, -110, -110, -110, -110, -110, -110, -110, -110, -110, -110,
-110, -110, -110, -110, -110, -110, -110, -110, -110, -110, -110,
-110, -110, -110, -110, -110, -110, -110, -110, -110, -110, -110,
-110, -110, -110, -110, -110, -110, -110, -110, -110, -110, -110,
-110, -110, -110, -110, -94, -110, -110, -110, -110, -110, -110,
-110, -110, -110, -110, -110, -110, -110, -110, -110, -110, -110,
-110, -110, -110, -110, -110, -110, -110, -110, -110, -110, -110,
-110, -110, -110, -110, -110, -110, -110, -110, -110, -110, -110,
-110, -110, -110, -91, -110, -110, -110, -110, -110, -110, -110,
-110, -110, -110, -110, -110, -110, -110, -110, -110, -110, -110,
-110, -110, -110, -110, -110, -110, -110, -110, -110, -110, -110,
-110, -110, -110, -110, -110, -110, -110, -110, -110, -110, -110,
-110, -110, -110, -110, -110, -110, -110, -110, -110, -110, -110,
-110, -110, -110, -110, -110, -88, -110, -110, -110, -110, -110,
-110, -110, -110, -110, -110, -110, -110, -110, -110, -110, -110,
-110, -110, -110, -110, -110, -91, -110, -110, -110, -110, -110,
-110, -110, -110, -110, -110, -110, -110, -110, -110, -110, -110,
-110, -110, -110, -110, -110, -110, -110, -110, -110, -110, -110,
-110, -110, -110, -110, -110, -110, -110, -110, -110, -110, -110,
-110, -110, -110, -110, -110, -110, -110, -110, -110, -110, -110,
-110, -110, -110, -110, -110, -110, -110, -110, -110, -110, -110,
-110, -110, -110, -110, -110, -110, -110, -110, -110, -110, -110,
-110, -110, -110, -110, -110, -110, -110, -110, -110, -110, -110,
-110, -110, -110, -110, -110, -110, -110, -110, -110, -110, -110,
-110, -110, -110, -110, -110, -110, -110, -110, -110, -110, -110,
-110, -110, -110, -110, -110, -110, -110, -110, -110, -110, -110,
-110, -110, -110], dtype=object)